0	18	2
1	18	3
2	18	3
3	18	3
4	18	3
5	18	3
6	18	3
7	18	3
8	18	2
9	18	3
10	18	3
11	18	3
12	18	3
13	18	3
14	18	3
15	18	3
16	18	3
17	18	3
18	18	3
19	18	3
20	18	3
21	18	3
22	18	3
23	18	3
24	18	3
25	18	3
26	18	3
27	18	3
28	18	3
29	18	3
30	18	3
31	18	3
32	18	3
33	18	3
34	18	3
35	18	3
36	18	3
37	18	3
38	18	3
39	18	3
40	18	3
41	18	3
42	18	3
43	18	3
44	18	3
45	18	3
46	18	3
47	18	3
48	18	3
49	18	3
50	18	3
51	18	3
52	18	3
53	18	3
54	18	3
55	18	3
56	18	3
57	18	3
58	18	3
59	18	3
60	18	3
61	18	3
62	18	3
63	18	3
64	18	3
65	18	3
66	18	3
67	18	3
68	18	3
69	18	3
70	18	3
71	18	3
72	18	3
73	18	3
74	18	3
75	18	3
76	18	3
77	18	3
78	18	3
79	18	3
80	18	3
81	18	3
82	18	3
83	18	3
84	18	3
85	18	3
86	18	3
87	18	3
88	18	3
89	18	3
90	18	3
91	18	3
92	18	3
93	18	3
94	18	3
95	18	3
96	18	3
97	18	3
98	18	3
99	18	3
100	18	3
101	18	3
102	18	3
103	18	3
104	18	3
105	18	3
106	18	3
107	18	3
108	18	3
109	18	3
110	18	3
111	18	3
112	18	3
113	18	3
114	18	3
115	18	3
116	18	3
117	18	3
118	18	3
119	18	3
120	18	3
121	18	3
122	18	3
123	18	3
124	18	3
125	18	3
126	18	3
127	18	3
128	18	3
129	18	3
130	18	3
131	18	3
132	18	3
133	18	3
134	18	3
135	18	3
136	18	3
137	18	3
138	18	3
139	18	3
140	18	3
141	18	3
142	18	3
143	18	3
144	18	3
145	18	3
146	18	3
147	18	3
148	18	3
149	18	3
150	18	3
151	18	3
152	18	3
153	18	3
154	18	3
155	18	3
156	18	3
157	18	3
158	18	3
159	18	3
160	18	3
161	18	3
162	18	3
163	18	3
164	18	3
165	18	3
166	18	3
167	18	3
168	18	3
169	18	3
170	18	3
171	18	3
172	18	3
173	18	3
174	18	3
175	18	3
176	18	3
177	18	3
178	18	3
179	18	3
180	18	3
181	18	3
182	18	3
183	18	3
184	18	3
185	18	3
186	18	3
187	18	3
188	18	3
189	18	3
190	18	3
191	18	3
192	18	3
193	18	3
194	18	3
195	18	3
196	18	3
197	18	3
198	18	3
199	18	3
200	18	3
201	18	3
202	18	3
203	18	3
204	18	3
205	18	3
206	18	3
207	18	3
208	18	3
209	18	3
210	18	3
211	18	3
212	18	3
213	18	3
214	18	3
215	18	3
216	18	3
217	18	3
218	18	3
219	18	3
220	18	3
221	18	3
222	18	3
223	18	3
224	18	3
225	18	3
226	18	3
227	18	3
228	18	3
229	18	3
230	18	3
231	18	3
232	18	3
233	18	3
234	18	3
235	18	3
236	18	3
237	18	3
238	18	3
239	18	3
240	18	3
241	18	3
242	18	3
243	18	3
244	18	3
245	18	3
246	18	3
247	18	3
248	18	3
249	18	3
250	18	3
251	18	3
252	18	3
253	18	3
254	18	3
255	18	3
256	18	3
257	18	3
258	18	3
259	18	4
260	18	3
261	18	3
262	18	3
263	18	3
264	18	3
265	18	3
266	18	3
267	18	3
268	18	3
269	18	3
270	18	3
271	18	3
272	18	3
273	18	3
274	18	3
275	18	3
276	18	3
277	18	3
278	18	3
279	18	3
280	18	3
281	18	3
282	18	3
283	18	3
284	18	3
285	18	3
286	18	3
287	18	3
288	18	3
289	18	3
290	18	3
291	18	3
292	18	3
293	18	3
294	18	3
295	18	3
296	18	3
297	18	3
298	18	3
299	18	3
300	18	3
301	18	3
302	18	3
303	18	3
304	18	3
305	18	3
306	18	3
307	18	3
308	18	3
309	18	3
310	18	3
311	18	3
312	18	3
313	18	3
314	18	2
315	18	2
316	18	2
317	18	2
318	18	2
319	18	2
320	18	3
321	18	3
322	18	3
323	18	3
324	18	3
325	18	3
326	18	3
327	18	3
328	18	3
329	18	3
330	18	3
331	18	3
332	18	3
333	18	3
334	18	3
335	18	3
336	18	3
337	18	3
338	18	3
339	18	3
340	18	3
341	18	3
342	18	3
343	18	3
344	18	3
345	18	3
346	18	3
347	18	3
348	18	3
349	18	3
350	18	3
351	18	3
352	18	3
353	18	3
354	18	3
355	18	3
356	18	3
357	18	3
358	18	3
359	18	3
360	18	3
361	18	3
362	18	3
363	18	2
364	18	3
365	18	3
366	18	3
367	18	2
368	18	3
369	18	3
370	18	3
371	18	3
372	18	3
373	18	3
374	18	3
375	18	3
376	18	3
377	18	3
378	18	3
379	18	3
380	18	3
381	18	3
382	18	3
383	18	3
384	18	3
385	18	3
386	18	2
387	18	3
388	18	3
389	18	3
390	18	3
391	18	3
392	18	3
393	18	3
394	18	3
395	18	3
396	18	3
397	18	3
398	18	3
399	18	3
400	18	3
401	18	3
402	18	3
403	18	3
404	18	3
405	18	3
406	18	3
407	18	3
408	18	3
409	18	3
410	18	3
411	18	3
412	18	3
413	18	3
414	18	3
415	18	3
416	18	3
417	18	3
418	18	3
419	18	3
420	18	3
421	18	3
422	18	3
423	18	3
424	18	3
425	18	3
426	18	3
427	18	3
428	18	3
429	18	2
430	18	3
431	18	3
432	18	3
433	18	3
434	18	3
435	18	3
436	18	3
437	18	3
438	18	3
439	18	3
440	18	3
441	18	3
442	18	3
443	18	3
444	18	3
445	18	3
446	18	3
447	18	3
448	18	3
449	18	3
450	18	3
451	18	3
452	18	3
453	18	3
454	18	3
455	18	3
456	18	3
457	18	3
458	18	3
459	18	3
460	18	3
461	18	3
462	18	3
463	18	3
464	18	3
465	18	3
466	18	3
467	18	3
468	18	3
469	18	3
470	18	3
471	18	3
472	18	3
473	18	3
474	18	3
475	18	3
476	18	3
477	18	3
478	18	3
479	18	3
480	18	3
481	18	3
482	18	3
483	18	3
484	18	3
485	18	3
486	18	3
487	18	3
488	18	3
489	18	3
490	18	3
491	18	3
492	18	3
493	18	3
494	18	3
495	18	3
496	18	3
497	18	3
498	18	3
499	18	3
500	18	3
501	18	3
502	18	3
503	18	3
504	18	3
505	18	3
506	18	3
507	18	3
508	18	3
509	18	3
510	18	3
511	18	3
512	18	3
513	18	3
514	18	3
515	18	3
516	18	3
517	18	3
518	18	3
519	18	3
520	18	3
521	18	3
522	18	3
523	18	3
524	18	3
525	18	3
526	18	3
527	18	3
528	18	3
529	18	3
530	18	3
531	18	3
532	18	3
533	18	3
534	18	3
535	18	3
536	18	3
537	18	3
538	18	3
539	18	3
540	18	3
541	18	3
542	18	3
543	18	3
544	18	3
545	18	3
546	18	3
547	18	3
548	18	3
549	18	3
550	18	3
551	18	3
552	18	3
553	18	3
554	18	3
555	18	3
556	18	3
557	18	3
558	18	3
559	18	3
560	18	3
561	18	3
562	18	3
563	18	3
564	18	3
565	18	3
566	18	3
567	18	3
568	18	3
569	18	3
570	18	3
571	18	3
572	18	3
573	18	3
574	18	3
575	18	3
576	18	3
577	18	3
578	18	3
579	18	3
580	18	3
581	18	3
582	18	3
583	18	3
584	18	3
585	18	3
586	18	3
587	18	3
588	18	3
589	18	3
590	18	3
591	18	3
592	18	3
593	18	3
594	18	3
595	18	3
596	18	3
597	18	3
598	18	3
599	18	3
600	18	3
601	18	3
602	18	3
603	18	3
604	18	3
605	18	3
606	18	3
607	18	3
608	18	3
609	18	3
610	18	3
611	18	3
612	18	3
613	18	3
614	18	3
615	18	3
616	18	3
617	18	3
618	18	3
619	18	3
620	18	3
621	18	3
622	18	3
623	18	3
624	18	3
625	18	3
626	18	3
627	18	3
628	18	3
629	18	3
630	18	3
631	18	3
632	18	3
633	18	3
634	18	2
635	18	2
636	18	2
637	18	3
638	18	3
639	18	3
640	18	2
641	18	3
642	18	3
643	18	3
644	18	3
645	18	2
646	18	3
647	18	2
648	18	3
649	18	3
650	18	3
651	18	3
652	18	3
653	18	3
654	18	3
655	18	2
656	18	3
657	18	2
658	18	3
659	18	3
660	18	3
661	18	3
662	18	2
663	18	3
664	18	3
665	18	2
666	18	2
667	18	2
668	18	3
669	18	3
670	18	2
671	18	3
672	18	3
673	18	2
674	18	2
675	18	3
676	18	2
677	18	2
678	18	2
679	18	3
680	18	3
681	18	2
682	18	2
683	18	3
684	18	3
685	18	2
686	18	2
687	18	2
688	18	2
689	18	3
690	18	3
691	18	3
692	18	2
693	18	2
694	18	2
695	18	2
696	18	2
697	18	2
698	18	2
699	18	3
700	18	3
701	18	3
702	18	3
703	18	3
704	18	3
705	18	3
706	18	3
707	18	3
708	18	3
709	18	3
710	18	3
711	18	3
712	18	3
713	18	3
714	18	3
715	18	3
716	18	3
717	18	3
718	18	3
719	18	3
720	18	3
721	18	3
722	18	3
723	18	3
724	18	3
725	18	3
726	18	3
727	18	3
728	18	3
729	18	3
730	18	3
731	18	3
732	18	3
733	18	3
734	18	3
735	18	3
736	18	3
737	18	3
738	18	3
739	18	3
740	18	3
741	18	3
742	18	3
743	18	3
744	18	3
745	18	3
746	18	3
747	18	3
748	18	3
749	18	3
750	18	3
751	18	3
752	18	3
753	18	3
754	18	3
755	18	3
756	18	3
757	18	3
758	18	3
759	18	3
760	18	3
761	18	3
762	18	3
763	18	3
764	18	3
765	18	3
766	18	3
767	18	3
768	18	3
769	18	3
770	18	3
771	18	3
772	18	3
773	18	3
774	18	3
775	18	3
776	18	3
777	18	3
778	18	3
779	18	3
780	18	3
781	18	3
782	18	3
783	18	3
784	18	3
785	18	3
786	18	3
787	18	3
788	18	3
789	18	3
790	18	3
791	18	3
792	18	3
793	18	3
794	18	3
795	18	3
796	18	3
797	18	3
798	18	3
799	18	3
800	18	3
801	18	3
802	18	3
803	18	3
804	18	3
805	18	3
806	18	3
807	18	3
808	18	3
809	18	3
810	18	3
811	18	3
812	18	3
813	18	3
814	18	3
815	18	3
816	18	3
817	18	3
818	18	3
819	18	3
820	18	3
821	18	3
822	18	3
823	18	3
824	18	3
825	18	3
826	18	3
827	18	3
828	18	3
829	18	3
830	18	3
831	18	3
832	18	3
833	18	3
834	18	3
835	18	3
836	18	3
837	18	3
838	18	3
839	18	3
840	18	3
841	18	3
842	18	3
843	18	3
844	18	3
845	18	3
846	18	3
847	18	3
848	18	3
849	18	3
850	18	3
851	18	3
852	18	3
853	18	3
854	18	3
855	18	3
856	18	3
857	18	3
858	18	3
859	18	3
860	18	3
861	18	3
862	18	3
863	18	3
864	18	3
865	18	3
866	18	3
867	18	3
868	18	3
869	18	3
870	18	3
871	18	3
872	18	3
873	18	3
874	18	3
875	18	3
876	18	3
877	18	3
878	18	3
879	18	3
880	18	3
881	18	3
882	18	3
883	18	3
884	18	3
885	18	3
886	18	3
887	18	3
888	18	3
889	18	3
890	18	3
891	18	3
892	18	3
893	18	3
894	18	3
895	18	3
896	18	3
897	18	3
898	18	3
899	18	3
900	18	3
901	18	3
902	18	3
903	18	3
904	18	3
905	18	3
906	18	3
907	18	3
908	18	3
909	18	3
910	18	3
911	18	3
912	18	3
913	18	3
914	18	3
915	18	3
916	18	3
917	18	3
918	18	3
919	18	3
920	18	3
921	18	3
922	18	3
923	18	3
924	18	3
925	18	3
926	18	3
927	18	3
928	18	3
929	18	3
930	18	3
931	18	3
932	18	3
933	18	3
934	18	3
935	18	3
936	18	3
937	18	3
938	18	3
939	18	3
940	18	3
941	18	3
942	18	3
943	18	3
944	18	3
945	18	3
946	18	3
947	18	3
948	18	3
949	18	3
950	18	3
951	18	3
952	18	3
953	18	3
954	18	3
955	18	3
956	18	3
957	18	3
958	18	3
959	18	3
960	18	3
961	18	3
962	18	3
963	18	3
964	18	3
965	18	3
966	18	3
967	18	3
968	18	3
969	18	3
970	18	3
971	18	3
972	18	3
973	18	3
974	18	3
975	18	3
976	18	3
977	18	3
978	18	3
979	18	3
980	18	3
981	18	3
982	18	3
983	18	3
984	18	3
985	18	3
986	18	3
987	18	3
988	18	3
989	18	3
990	18	3
991	18	3
992	18	3
993	18	3
994	18	3
995	18	3
996	18	3
997	18	3
998	18	3
999	18	3
1000	18	3
1001	18	3
1002	18	3
1003	18	3
1004	18	3
1005	18	3
1006	18	3
1007	18	3
1008	18	3
1009	18	3
1010	18	3
1011	18	3
1012	18	3
1013	18	3
1014	18	3
1015	18	3
1016	18	3
1017	18	3
1018	18	3
1019	18	3
1020	18	3
1021	18	3
1022	18	3
1023	18	3
1024	18	3
1025	18	3
1026	18	3
1027	18	3
1028	18	3
1029	18	3
1030	18	3
1031	18	3
1032	18	3
1033	18	3
1034	18	3
1035	18	3
1036	18	3
1037	18	3
1038	18	3
1039	18	3
1040	18	3
1041	18	3
1042	18	3
1043	18	3
1044	18	3
1045	18	3
1046	18	3
1047	18	3
1048	18	3
1049	18	3
1050	18	3
1051	18	3
1052	18	3
1053	18	3
1054	18	3
1055	18	3
1056	18	3
1057	18	3
1058	18	3
1059	18	3
1060	18	3
1061	18	3
1062	18	3
1063	18	3
1064	18	3
1065	18	3
1066	18	3
1067	18	3
1068	18	3
1069	18	3
1070	18	3
1071	18	3
1072	18	3
1073	18	3
1074	18	3
1075	18	3
1076	18	3
1077	18	3
1078	18	3
1079	18	3
1080	18	3
1081	18	3
1082	18	3
1083	18	3
1084	18	3
1085	18	3
1086	18	3
1087	18	3
1088	18	3
1089	18	3
1090	18	3
1091	18	3
1092	18	3
1093	18	3
1094	18	3
1095	18	3
1096	18	3
1097	18	3
1098	18	3
1099	18	3
1100	18	3
1101	18	3
1102	18	3
1103	18	3
1104	18	3
1105	18	3
1106	18	3
1107	18	3
1108	18	3
1109	18	3
1110	18	3
1111	18	3
1112	18	3
1113	18	3
1114	18	3
1115	18	3
1116	18	3
1117	18	3
1118	18	3
1119	18	3
1120	18	3
1121	18	3
1122	18	3
1123	18	3
1124	18	3
1125	18	3
1126	18	3
1127	18	3
1128	18	3
1129	18	3
1130	18	3
1131	18	3
1132	18	3
1133	18	3
1134	18	3
1135	18	3
1136	18	3
1137	18	3
1138	18	3
1139	18	3
1140	18	3
1141	18	3
1142	18	3
1143	18	3
1144	18	3
1145	18	3
1146	18	3
1147	18	3
1148	18	3
1149	18	3
1150	18	3
1151	18	3
1152	18	3
1153	18	3
1154	18	3
1155	18	3
1156	18	3
1157	18	3
1158	18	3
1159	18	3
1160	18	3
1161	18	3
1162	18	3
1163	18	3
1164	18	3
1165	18	3
1166	18	3
1167	18	3
1168	18	3
1169	18	3
1170	18	3
1171	18	3
1172	18	3
1173	18	3
1174	18	3
1175	18	3
1176	18	3
1177	18	3
1178	18	3
1179	18	3
1180	18	3
1181	18	3
1182	18	3
1183	18	3
1184	18	3
1185	18	3
1186	18	3
1187	18	3
1188	18	3
1189	18	3
1190	18	3
1191	18	3
1192	18	3
1193	18	3
1194	18	3
1195	18	3
1196	18	3
1197	18	3
1198	18	3
1199	18	3
1200	18	3
1201	18	3
1202	18	3
1203	18	3
1204	18	3
1205	18	3
1206	18	3
1207	18	3
1208	18	3
1209	18	3
1210	18	3
1211	18	3
1212	18	3
1213	18	3
1214	18	3
1215	18	3
1216	18	3
1217	18	3
1218	18	3
1219	18	3
1220	18	3
1221	18	3
1222	18	3
1223	18	3
1224	18	3
1225	18	3
1226	18	3
1227	18	3
1228	18	3
1229	18	3
1230	18	3
1231	18	3
1232	18	3
1233	18	3
1234	18	3
1235	18	3
1236	18	3
1237	18	3
1238	18	3
1239	18	3
1240	18	3
1241	18	3
1242	18	3
1243	18	3
1244	18	3
1245	18	3
1246	18	3
1247	18	3
1248	18	3
1249	18	3
1250	18	3
1251	18	3
1252	18	3
1253	18	3
1254	18	3
1255	18	3
1256	18	3
1257	18	3
1258	18	3
1259	18	3
1260	18	3
1261	18	3
1262	18	3
1263	18	3
1264	18	3
1265	18	3
1266	18	3
1267	18	3
1268	18	3
1269	18	3
1270	18	3
1271	18	3
1272	18	3
1273	18	3
1274	18	3
1275	18	3
1276	18	3
1277	18	3
1278	18	3
1279	18	3
1280	18	3
1281	18	3
1282	18	3
1283	18	3
1284	18	3
1285	18	3
1286	18	3
1287	18	3
1288	18	3
1289	18	3
1290	18	3
1291	18	3
1292	18	3
1293	18	3
1294	18	3
1295	18	3
1296	18	3
1297	18	3
1298	18	3
1299	18	3
1300	18	3
1301	18	3
1302	18	3
1303	18	3
1304	18	3
1305	18	3
1306	18	3
1307	18	3
1308	18	3
1309	18	3
1310	18	3
1311	18	3
1312	18	3
1313	18	3
1314	18	3
1315	18	3
1316	18	3
1317	18	3
1318	18	3
1319	18	3
1320	18	3
1321	18	3
1322	18	3
1323	18	3
1324	18	3
1325	18	3
1326	18	3
1327	18	3
1328	18	3
1329	18	3
1330	18	3
1331	18	3
1332	18	3
1333	18	3
1334	18	3
1335	18	3
1336	18	3
1337	18	3
1338	18	3
1339	18	3
1340	18	3
1341	18	3
1342	18	3
1343	18	3
1344	18	3
1345	18	3
1346	18	3
1347	18	3
1348	18	3
1349	18	3
1350	18	3
1351	18	3
1352	18	3
1353	18	3
1354	18	3
1355	18	3
1356	18	3
1357	18	3
1358	18	3
1359	18	3
1360	18	3
1361	18	3
1362	18	3
1363	18	3
1364	18	3
1365	18	3
1366	18	3
1367	18	3
1368	18	3
1369	18	3
1370	18	3
1371	18	3
1372	18	3
1373	18	3
1374	18	3
1375	18	3
1376	18	3
1377	18	3
1378	18	3
1379	18	3
1380	18	3
1381	18	3
1382	18	3
1383	18	3
1384	18	3
1385	18	3
1386	18	3
1387	18	3
1388	18	3
1389	18	3
1390	18	3
1391	18	3
1392	18	3
1393	18	3
1394	18	3
1395	18	3
1396	18	3
1397	18	3
1398	18	3
1399	18	3
1400	18	3
1401	18	3
1402	18	3
1403	18	3
1404	18	3
1405	18	3
1406	18	3
1407	18	3
1408	18	3
1409	18	3
1410	18	3
1411	18	3
1412	18	3
1413	18	3
1414	18	3
1415	18	3
1416	18	3
1417	18	3
1418	18	3
1419	18	3
1420	18	3
1421	18	3
1422	18	3
1423	18	3
1424	18	3
1425	18	3
1426	18	3
1427	18	3
1428	18	3
1429	18	3
1430	18	3
1431	18	3
1432	18	3
1433	18	3
1434	18	3
1435	18	3
1436	18	3
1437	18	3
1438	18	3
1439	18	3
1440	18	3
1441	18	3
1442	18	3
1443	18	3
1444	18	3
1445	18	3
1446	18	3
1447	18	3
1448	18	3
1449	18	3
1450	18	3
1451	18	3
1452	18	3
1453	18	3
1454	18	3
1455	18	3
1456	18	3
1457	18	3
1458	18	3
1459	18	3
1460	18	3
1461	18	3
1462	18	3
1463	18	3
1464	18	3
1465	18	3
1466	18	3
1467	18	3
1468	18	3
1469	18	3
1470	18	3
1471	18	3
1472	18	3
1473	18	3
1474	18	3
1475	18	3
1476	18	3
1477	18	3
1478	18	3
1479	18	3
1480	18	3
1481	18	3
1482	18	3
1483	18	3
1484	18	3
1485	18	3
1486	18	3
1487	18	3
1488	18	3
1489	18	3
1490	18	3
1491	18	3
1492	18	3
1493	18	3
1494	18	3
1495	18	3
1496	18	3
1497	18	3
1498	18	3
1499	18	3
1500	18	3
1501	18	3
1502	18	3
1503	18	3
1504	18	3
1505	18	3
1506	18	3
1507	18	3
1508	18	3
1509	18	3
1510	18	3
1511	18	3
1512	18	3
1513	18	3
1514	18	3
1515	18	3
1516	18	3
1517	18	3
1518	18	3
1519	18	3
1520	18	3
1521	18	3
1522	18	3
1523	18	3
1524	18	3
1525	18	3
1526	18	3
1527	18	3
1528	18	3
1529	18	3
1530	18	3
1531	18	3
1532	18	3
1533	18	3
1534	18	3
1535	18	3
1536	18	3
1537	18	3
1538	18	3
1539	18	3
1540	18	3
1541	18	3
1542	18	3
1543	18	3
1544	18	3
1545	18	3
1546	18	3
1547	18	3
1548	18	3
1549	18	3
1550	18	3
1551	18	3
1552	18	3
1553	18	3
1554	18	3
1555	18	3
1556	18	3
1557	18	3
1558	18	3
1559	18	3
1560	18	3
1561	18	3
1562	18	3
1563	18	3
1564	18	3
1565	18	3
1566	18	3
1567	18	3
1568	18	3
1569	18	3
1570	18	3
1571	18	3
1572	18	3
1573	18	3
1574	18	3
1575	18	3
1576	18	3
1577	18	3
1578	18	3
1579	18	3
1580	18	3
1581	18	3
1582	18	3
1583	18	3
1584	18	3
1585	18	3
1586	18	3
1587	18	3
1588	18	3
1589	18	3
1590	18	3
1591	18	3
1592	18	3
1593	18	3
1594	18	3
1595	18	3
1596	18	3
1597	18	3
1598	18	3
1599	18	3
1600	18	3
1601	18	3
1602	18	3
1603	18	3
1604	18	3
1605	18	3
1606	18	3
1607	18	3
1608	18	3
1609	18	3
1610	18	3
1611	18	3
1612	18	3
1613	18	3
1614	18	3
1615	18	3
1616	18	3
1617	18	3
1618	18	3
1619	18	3
1620	18	3
1621	18	3
1622	18	3
1623	18	3
1624	18	3
1625	18	3
1626	18	3
1627	18	3
1628	18	3
1629	18	3
1630	18	3
1631	18	3
1632	18	3
1633	18	3
1634	18	3
1635	18	3
1636	18	3
1637	18	3
1638	18	3
1639	18	3
1640	18	3
1641	18	3
1642	18	3
1643	18	3
1644	18	3
1645	18	3
1646	18	3
1647	18	3
1648	18	3
1649	18	3
1650	18	3
1651	18	3
1652	18	3
1653	18	3
1654	18	3
1655	18	3
1656	18	3
1657	18	3
1658	18	3
1659	18	3
1660	18	3
1661	18	3
1662	18	3
1663	18	3
1664	18	3
1665	18	3
1666	18	3
1667	18	3
1668	18	3
1669	18	3
1670	18	3
1671	18	3
1672	18	3
1673	18	3
1674	18	3
1675	18	3
1676	18	3
1677	18	3
1678	18	3
1679	18	3
1680	18	3
1681	18	3
1682	18	3
1683	18	3
1684	18	3
1685	18	3
1686	18	3
1687	18	3
1688	18	3
1689	18	3
1690	18	3
1691	18	3
1692	18	3
1693	18	3
1694	18	3
1695	18	3
1696	18	3
1697	18	3
1698	18	3
1699	18	3
1700	18	3
1701	18	3
1702	18	3
1703	18	3
1704	18	3
1705	18	3
1706	18	3
1707	18	3
1708	18	3
1709	18	3
1710	18	3
1711	18	3
1712	18	3
1713	18	3
1714	18	3
1715	18	3
1716	18	3
1717	18	3
1718	18	3
1719	18	3
1720	18	3
1721	18	3
1722	18	3
1723	18	3
1724	18	3
1725	18	3
1726	18	3
1727	18	3
1728	18	3
1729	18	3
1730	18	3
1731	18	3
1732	18	3
1733	18	3
1734	18	3
1735	18	3
1736	18	3
1737	18	3
1738	18	3
1739	18	3
1740	18	3
1741	18	3
1742	18	3
1743	18	3
1744	18	3
1745	18	3
1746	18	3
1747	18	3
1748	18	3
1749	18	3
1750	18	3
1751	18	3
1752	18	3
1753	18	3
1754	18	3
1755	18	3
1756	18	3
1757	18	3
1758	18	3
1759	18	3
1760	18	3
1761	18	3
1762	18	3
1763	18	3
1764	18	3
1765	18	3
1766	18	3
1767	18	3
1768	18	3
1769	18	3
1770	18	3
1771	18	3
1772	18	3
1773	18	3
1774	18	3
1775	18	3
1776	18	3
1777	18	3
1778	18	3
1779	18	3
1780	18	3
1781	18	3
1782	18	3
1783	18	3
1784	18	3
1785	18	3
1786	18	3
1787	18	3
1788	18	3
1789	18	3
1790	18	3
1791	18	3
1792	18	3
1793	18	3
1794	18	3
1795	18	3
1796	18	3
1797	18	3
1798	18	3
1799	18	3
1800	18	3
1801	18	3
1802	18	3
1803	18	3
1804	18	3
1805	18	3
1806	18	3
1807	18	3
1808	18	3
1809	18	3
1810	18	3
1811	18	3
1812	18	3
1813	18	3
1814	18	3
1815	18	3
1816	18	3
1817	18	3
1818	18	3
1819	18	3
1820	18	3
1821	18	3
1822	18	3
1823	18	3
1824	18	3
1825	18	3
1826	18	3
1827	18	3
1828	18	3
1829	18	3
1830	18	3
1831	18	3
1832	18	3
1833	18	3
1834	18	3
1835	18	3
1836	18	3
1837	18	3
1838	18	3
1839	18	3
1840	18	3
1841	18	3
1842	18	3
1843	18	3
1844	18	3
1845	18	3
1846	18	3
1847	18	3
1848	18	3
1849	18	3
1850	18	3
1851	18	3
1852	18	3
1853	18	3
1854	18	3
1855	18	3
1856	18	3
1857	18	3
1858	18	3
1859	18	3
1860	18	3
1861	18	3
1862	18	3
1863	18	3
1864	18	3
1865	18	3
1866	18	3
1867	18	3
1868	18	3
1869	18	3
1870	18	3
1871	18	3
1872	18	3
1873	18	3
1874	18	3
1875	18	3
1876	18	3
1877	18	3
1878	18	3
1879	18	3
1880	18	3
1881	18	3
1882	18	3
1883	18	3
1884	18	3
1885	18	3
1886	18	3
1887	18	3
1888	18	3
1889	18	3
1890	18	3
1891	18	3
1892	18	3
1893	18	3
1894	18	3
1895	18	3
1896	18	3
1897	18	3
1898	18	3
1899	18	3
1900	18	3
1901	18	3
1902	18	3
1903	18	3
1904	18	3
1905	18	3
1906	18	3
1907	18	3
1908	18	3
1909	18	3
1910	18	3
1911	18	3
1912	18	3
1913	18	3
1914	18	3
1915	18	3
1916	18	3
1917	18	3
1918	18	3
1919	18	3
1920	18	3
1921	18	3
1922	18	3
1923	18	3
1924	18	3
1925	18	3
1926	18	3
1927	18	3
1928	18	3
1929	18	3
1930	18	3
1931	18	3
1932	18	3
1933	18	3
1934	18	3
1935	18	3
1936	18	3
1937	18	3
1938	18	3
1939	18	3
1940	18	3
1941	18	3
1942	18	3
1943	18	3
1944	18	3
1945	18	3
1946	18	3
1947	18	3
1948	18	3
1949	18	3
1950	18	3
1951	18	3
1952	18	3
1953	18	3
1954	18	3
1955	18	3
1956	18	3
1957	18	3
1958	18	3
1959	18	3
1960	18	3
1961	18	3
1962	18	3
1963	18	3
1964	18	3
1965	18	3
1966	18	3
1967	18	3
1968	18	3
1969	18	3
1970	18	3
1971	18	3
1972	18	3
1973	18	3
1974	18	3
1975	18	3
1976	18	2
1977	18	2
1978	18	3
1979	18	3
1980	18	3
1981	18	3
1982	18	3
1983	18	3
1984	18	3
1985	18	3
1986	18	3
1987	18	3
1988	18	3
1989	18	3
1990	18	3
1991	18	3
1992	18	3
1993	18	3
1994	18	3
1995	18	3
1996	18	3
1997	18	3
1998	18	3
1999	18	3
2000	18	3
2001	18	3
2002	18	3
2003	18	3
2004	18	3
2005	18	3
2006	18	3
2007	18	3
2008	18	3
2009	18	3
2010	18	3
2011	18	3
2012	18	3
2013	18	3
2014	18	3
2015	18	3
2016	18	3
2017	18	3
2018	18	3
2019	18	3
2020	18	3
2021	18	3
2022	18	3
2023	18	3
2024	18	3
2025	18	3
2026	18	3
2027	18	3
2028	18	3
2029	18	3
2030	18	3
2031	18	3
2032	18	3
2033	18	3
2034	18	3
2035	18	3
2036	18	3
2037	18	3
2038	18	3
2039	18	3
2040	18	3
2041	18	3
2042	18	3
2043	18	3
2044	18	3
2045	18	3
2046	18	3
2047	18	3
2048	18	3
2049	18	3
2050	18	3
2051	18	3
2052	18	3
2053	18	3
2054	18	3
2055	18	3
2056	18	3
2057	18	3
2058	18	3
2059	18	3
2060	18	3
2061	18	3
2062	18	3
2063	18	3
2064	18	3
2065	18	3
2066	18	3
2067	18	3
2068	18	3
2069	18	3
2070	18	3
2071	18	3
2072	18	3
2073	18	3
2074	18	3
2075	18	3
2076	18	3
2077	18	3
2078	18	3
2079	18	3
2080	18	3
2081	18	3
2082	18	3
2083	18	3
2084	18	3
2085	18	3
2086	18	3
2087	18	3
2088	18	3
2089	18	3
2090	18	3
2091	18	3
2092	18	3
2093	18	3
2094	18	3
2095	18	3
2096	18	3
2097	18	3
2098	18	3
2099	18	3
2100	18	3
2101	18	3
2102	18	3
2103	18	3
2104	18	3
2105	18	3
2106	18	3
2107	18	3
2108	18	3
2109	18	3
2110	18	3
2111	18	3
2112	18	3
2113	18	3
2114	18	3
2115	18	3
2116	18	3
2117	18	3
2118	18	3
2119	18	3
2120	18	3
2121	18	3
2122	18	3
2123	18	3
2124	18	3
2125	18	3
2126	18	3
2127	18	3
2128	18	3
2129	18	3
2130	18	3
2131	18	3
2132	18	3
2133	18	3
2134	18	3
2135	18	3
2136	18	3
2137	18	3
2138	18	3
2139	18	3
2140	18	3
2141	18	3
2142	18	3
2143	18	3
2144	18	3
2145	18	3
2146	18	3
2147	18	3
2148	18	3
2149	18	3
2150	18	3
2151	18	3
2152	18	3
2153	18	3
2154	18	3
2155	18	3
2156	18	3
2157	18	3
2158	18	3
2159	18	3
2160	18	3
2161	18	3
2162	18	3
2163	18	3
2164	18	3
2165	18	3
2166	18	3
2167	18	3
2168	18	3
2169	18	3
2170	18	3
2171	18	3
2172	18	3
2173	18	3
2174	18	3
2175	18	3
2176	18	3
2177	18	3
2178	18	3
2179	18	3
2180	18	3
2181	18	3
2182	18	3
2183	18	3
2184	18	3
2185	18	3
2186	18	3
2187	18	3
2188	18	3
2189	18	3
2190	18	3
2191	18	3
2192	18	3
2193	18	3
2194	18	3
2195	18	3
2196	18	3
2197	18	3
2198	18	3
2199	18	3
2200	18	3
2201	18	3
2202	18	3
2203	18	3
2204	18	3
2205	18	3
2206	18	3
2207	18	3
2208	18	3
2209	18	3
2210	18	3
2211	18	3
2212	18	3
2213	18	3
2214	18	3
2215	18	3
2216	18	3
2217	18	3
2218	18	3
2219	18	3
2220	18	3
2221	18	3
2222	18	3
2223	18	3
2224	18	3
2225	18	3
2226	18	3
2227	18	3
2228	18	3
2229	18	3
2230	18	3
2231	18	3
2232	18	3
2233	18	3
2234	18	3
2235	18	3
2236	18	3
2237	18	3
2238	18	3
2239	18	3
2240	18	3
2241	18	3
2242	18	3
2243	18	3
2244	18	3
2245	18	3
2246	18	3
2247	18	3
2248	18	3
2249	18	3
2250	18	3
2251	18	3
2252	18	3
2253	18	3
2254	18	3
2255	18	3
2256	18	3
2257	18	3
2258	18	3
2259	18	3
2260	18	3
2261	18	3
2262	18	3
2263	18	3
2264	18	3
2265	18	3
2266	18	3
2267	18	3
2268	18	3
2269	18	3
2270	18	3
2271	18	3
2272	18	3
2273	18	3
2274	18	3
2275	18	3
2276	18	3
2277	18	3
2278	18	3
2279	18	3
2280	18	3
2281	18	3
2282	18	3
2283	18	3
2284	18	3
2285	18	3
2286	18	3
2287	18	3
2288	18	3
2289	18	3
2290	18	3
2291	18	3
2292	18	3
2293	18	3
2294	18	3
2295	18	3
2296	18	3
2297	18	3
2298	18	3
2299	18	3
2300	18	3
2301	18	3
2302	18	3
2303	18	3
2304	18	3
2305	18	3
2306	18	3
2307	18	3
2308	18	3
2309	18	3
2310	18	3
2311	18	3
2312	18	3
2313	18	3
2314	18	3
2315	18	3
2316	18	3
2317	18	3
2318	18	3
2319	18	3
2320	18	3
2321	18	3
2322	18	3
2323	18	3
2324	18	3
2325	18	3
2326	18	3
2327	18	3
2328	18	3
2329	18	3
2330	18	3
2331	18	3
2332	18	3
2333	18	3
2334	18	3
2335	18	3
2336	18	3
2337	18	3
2338	18	3
2339	18	3
2340	18	3
2341	18	3
2342	18	3
2343	18	3
2344	18	3
2345	18	3
2346	18	3
2347	18	3
2348	18	3
2349	18	3
2350	18	3
2351	18	3
2352	18	3
2353	18	3
2354	18	3
2355	18	3
2356	18	3
2357	18	3
2358	18	3
2359	18	3
2360	18	3
2361	18	3
2362	18	3
2363	18	3
2364	18	3
2365	18	3
2366	18	3
2367	18	3
2368	18	3
2369	18	3
2370	18	3
2371	18	3
2372	18	3
2373	18	3
2374	18	3
2375	18	3
2376	18	3
2377	18	3
2378	18	3
2379	18	3
2380	18	3
2381	18	3
2382	18	3
2383	18	3
2384	18	3
2385	18	3
2386	18	3
2387	18	3
2388	18	3
2389	18	3
2390	18	3
2391	18	3
2392	18	3
2393	18	3
2394	18	3
2395	18	3
2396	18	3
2397	18	3
2398	18	3
2399	18	3
2400	18	3
2401	18	3
2402	18	3
2403	18	3
2404	18	3
2405	18	3
2406	18	3
2407	18	3
2408	18	3
2409	18	3
2410	18	3
2411	18	3
2412	18	3
2413	18	3
2414	18	3
2415	18	3
2416	18	3
2417	18	3
2418	18	3
2419	18	3
2420	18	3
2421	18	3
2422	18	3
2423	18	3
2424	18	3
2425	18	3
2426	18	3
2427	18	3
2428	18	3
2429	18	3
2430	18	3
2431	18	3
2432	18	3
2433	18	3
2434	18	3
2435	18	3
2436	18	3
2437	18	3
2438	18	3
2439	18	3
2440	18	3
2441	18	3
2442	18	3
2443	18	3
2444	18	3
2445	18	3
2446	18	3
2447	18	3
2448	18	3
2449	18	3
2450	18	3
2451	18	3
2452	18	3
2453	18	3
2454	18	3
2455	18	3
2456	18	3
2457	18	3
2458	18	3
2459	18	3
2460	18	3
2461	18	3
2462	18	3
2463	18	3
2464	18	3
2465	18	3
2466	18	3
2467	18	3
2468	18	3
2469	18	3
2470	18	3
2471	18	3
2472	18	3
2473	18	3
2474	18	3
2475	18	3
2476	18	3
2477	18	3
2478	18	3
2479	18	3
2480	18	3
2481	18	3
2482	18	3
2483	18	3
2484	18	3
2485	18	3
2486	18	3
2487	18	3
2488	18	3
2489	18	3
2490	18	3
2491	18	3
2492	18	3
2493	18	3
2494	18	3
2495	18	3
2496	18	3
2497	18	3
2498	18	3
2499	18	3
2500	18	3
2501	18	3
2502	18	3
2503	18	3
2504	18	3
2505	18	3
2506	18	3
2507	18	3
2508	18	3
2509	18	3
2510	18	3
2511	18	3
2512	18	3
2513	18	3
2514	18	3
2515	18	3
2516	18	3
2517	18	3
2518	18	3
2519	18	3
2520	18	3
2521	18	3
2522	18	3
2523	18	3
2524	18	3
2525	18	3
2526	18	3
2527	18	3
2528	18	3
2529	18	3
2530	18	3
2531	18	3
2532	18	3
2533	18	3
2534	18	3
2535	18	3
2536	18	3
2537	18	3
2538	18	3
2539	18	3
2540	18	3
2541	18	3
2542	18	3
2543	18	3
2544	18	3
2545	18	3
2546	18	3
2547	18	3
2548	18	3
2549	18	3
2550	18	3
2551	18	3
2552	18	3
2553	18	3
2554	18	3
2555	18	3
2556	18	3
2557	18	3
2558	18	3
2559	18	3
2560	18	3
2561	18	3
2562	18	3
2563	18	3
2564	18	3
2565	18	3
2566	18	3
2567	18	3
2568	18	3
2569	18	3
2570	18	3
2571	18	3
2572	18	3
2573	18	3
2574	18	3
2575	18	3
2576	18	3
2577	18	3
2578	18	3
2579	18	3
2580	18	3
2581	18	3
2582	18	3
2583	18	3
2584	18	3
2585	18	3
2586	18	3
2587	18	3
2588	18	3
2589	18	3
2590	18	3
2591	18	3
2592	18	3
2593	18	3
2594	18	3
2595	18	3
2596	18	3
2597	18	3
2598	18	3
2599	18	3
2600	18	3
2601	18	3
2602	18	3
2603	18	3
2604	18	3
2605	18	3
2606	18	3
2607	18	3
2608	18	3
2609	18	3
2610	18	3
2611	18	3
2612	18	3
2613	18	3
2614	18	3
2615	18	3
2616	18	3
2617	18	3
2618	18	3
2619	18	3
2620	18	3
2621	18	3
2622	18	3
2623	18	3
2624	18	3
2625	18	3
2626	18	3
2627	18	3
2628	18	3
2629	18	3
2630	18	3
2631	18	3
2632	18	3
2633	18	3
2634	18	3
2635	18	3
2636	18	3
2637	18	3
2638	18	3
2639	18	3
2640	18	3
2641	18	3
2642	18	3
2643	18	3
2644	18	3
2645	18	3
2646	18	3
2647	18	3
2648	18	3
2649	18	3
2650	18	3
2651	18	3
2652	18	3
2653	18	3
2654	18	3
2655	18	3
2656	18	3
2657	18	3
2658	18	3
2659	18	3
2660	18	3
2661	18	3
2662	18	3
2663	18	3
2664	18	3
2665	18	3
2666	18	3
2667	18	3
2668	18	3
2669	18	3
2670	18	3
2671	18	3
2672	18	3
2673	18	3
2674	18	3
2675	18	3
2676	18	3
2677	18	3
2678	18	3
2679	18	3
2680	18	3
2681	18	3
2682	18	3
2683	18	3
2684	18	3
2685	18	3
2686	18	3
2687	18	3
2688	18	3
2689	18	3
2690	18	3
2691	18	3
2692	18	3
2693	18	3
2694	18	3
2695	18	3
2696	18	3
2697	18	3
2698	18	3
2699	18	3
2700	18	3
2701	18	3
2702	18	3
2703	18	3
2704	18	3
2705	18	3
2706	18	3
2707	18	3
2708	18	3
2709	18	3
2710	18	3
2711	18	3
2712	18	3
2713	18	3
2714	18	3
2715	18	3
2716	18	3
2717	18	3
2718	18	3
2719	18	3
2720	18	3
2721	18	3
2722	18	3
2723	18	3
2724	18	3
2725	18	3
2726	18	3
2727	18	3
2728	18	3
2729	18	3
2730	18	3
2731	18	3
2732	18	3
2733	18	3
2734	18	3
2735	18	3
2736	18	3
2737	18	3
2738	18	3
2739	18	3
2740	18	3
2741	18	3
2742	18	3
2743	18	3
2744	18	3
2745	18	3
2746	18	3
2747	18	3
2748	18	3
2749	18	3
2750	18	3
2751	18	3
2752	18	3
2753	18	3
2754	18	3
2755	18	3
2756	18	3
2757	18	3
2758	18	3
2759	18	3
2760	18	3
2761	18	3
2762	18	3
2763	18	3
2764	18	3
2765	18	3
2766	18	3
2767	18	3
2768	18	3
2769	18	3
2770	18	3
2771	18	3
2772	18	3
2773	18	3
2774	18	3
2775	18	3
2776	18	3
2777	18	3
2778	18	3
2779	18	3
2780	18	3
2781	18	3
2782	18	3
2783	18	3
2784	18	3
2785	18	3
2786	18	3
2787	18	3
2788	18	3
2789	18	3
2790	18	3
2791	18	3
2792	18	3
2793	18	3
2794	18	3
2795	18	3
2796	18	3
2797	18	3
2798	18	3
2799	18	3
2800	18	3
2801	18	3
2802	18	3
2803	18	3
2804	18	3
2805	18	3
2806	18	3
2807	18	3
2808	18	3
2809	18	3
2810	18	3
2811	18	3
2812	18	3
2813	18	3
2814	18	3
2815	18	3
2816	18	3
2817	18	3
2818	18	3
2819	18	3
2820	18	3
2821	18	3
2822	18	3
2823	18	3
2824	18	3
2825	18	3
2826	18	3
2827	18	3
2828	18	3
2829	18	3
2830	18	3
2831	18	3
2832	18	3
2833	18	3
2834	18	3
2835	18	3
2836	18	3
2837	18	3
2838	18	3
2839	18	3
2840	18	3
2841	18	3
2842	18	3
2843	18	3
2844	18	3
2845	18	3
2846	18	3
2847	18	3
2848	18	3
2849	18	3
2850	18	3
2851	18	3
2852	18	3
2853	18	3
2854	18	3
2855	18	3
2856	18	3
2857	18	3
2858	18	3
2859	18	3
2860	18	3
2861	18	3
2862	18	3
2863	18	3
2864	18	3
2865	18	3
2866	18	3
2867	18	3
2868	18	3
2869	18	3
2870	18	3
2871	18	3
2872	18	3
2873	18	3
2874	18	3
2875	18	3
2876	18	3
2877	18	3
2878	18	3
2879	18	3
2880	18	3
2881	18	3
2882	18	3
2883	18	3
2884	18	3
2885	18	3
2886	18	3
2887	18	3
2888	18	3
2889	18	3
2890	18	3
2891	18	3
2892	18	3
2893	18	3
2894	18	3
2895	18	3
2896	18	3
2897	18	3
2898	18	3
2899	18	3
2900	18	3
2901	18	3
2902	18	3
2903	18	3
2904	18	3
2905	18	3
2906	18	3
2907	18	3
2908	18	3
2909	18	3
2910	18	3
2911	18	3
2912	18	3
2913	18	3
2914	18	3
2915	18	3
2916	18	3
2917	18	3
2918	18	3
2919	18	3
2920	18	3
2921	18	3
2922	18	3
2923	18	3
2924	18	3
2925	18	3
2926	18	3
2927	18	3
2928	18	3
2929	18	3
2930	18	3
2931	18	3
2932	18	3
2933	18	3
2934	18	3
2935	18	3
2936	18	3
2937	18	3
2938	18	3
2939	18	3
2940	18	3
2941	18	3
2942	18	3
2943	18	3
2944	18	3
2945	18	4
2946	18	4
2947	18	3
2948	18	4
2949	18	3
2950	18	3
2951	18	3
2952	18	3
2953	18	3
2954	18	3
2955	18	3
2956	18	3
2957	18	3
2958	18	3
2959	18	3
2960	18	3
2961	18	3
2962	18	3
2963	18	3
2964	18	3
2965	18	3
2966	18	3
2967	18	3
2968	18	3
2969	18	3
2970	18	3
2971	18	3
2972	18	3
2973	18	3
2974	18	3
2975	18	3
2976	18	3
2977	18	3
2978	18	3
2979	18	3
2980	18	3
2981	18	3
2982	18	3
2983	18	3
2984	18	3
2985	18	3
2986	18	3
2987	18	3
2988	18	3
2989	18	3
2990	18	3
2991	18	3
2992	18	3
2993	18	3
2994	18	3
2995	18	3
2996	18	3
2997	18	3
2998	18	3
2999	18	3
3000	18	3
3001	18	3
3002	18	3
3003	18	3
3004	18	3
3005	18	3
3006	18	3
3007	18	3
3008	18	3
3009	18	3
3010	18	3
3011	18	3
3012	18	3
3013	18	3
3014	18	3
3015	18	3
3016	18	3
3017	18	3
3018	18	3
3019	18	3
3020	18	3
3021	18	3
3022	18	3
3023	18	3
3024	18	3
3025	18	3
3026	18	3
3027	18	3
3028	18	3
3029	18	3
3030	18	3
3031	18	3
3032	18	3
3033	18	3
3034	18	3
3035	18	3
3036	18	3
3037	18	3
3038	18	3
3039	18	3
3040	18	3
3041	18	3
3042	18	3
3043	18	3
3044	18	3
3045	18	3
3046	18	3
3047	18	3
3048	18	3
3049	18	3
3050	18	3
3051	18	3
3052	18	3
3053	18	3
3054	18	3
3055	18	3
3056	18	3
3057	18	3
3058	18	3
3059	18	3
3060	18	3
3061	18	3
3062	18	3
3063	18	3
3064	18	3
3065	18	3
3066	18	3
3067	18	3
3068	18	3
3069	18	3
3070	18	3
3071	18	3
3072	18	3
3073	18	3
3074	18	3
3075	18	3
3076	18	3
3077	18	3
3078	18	3
3079	18	3
3080	18	3
3081	18	3
3082	18	3
3083	18	3
3084	18	3
3085	18	3
3086	18	3
3087	18	3
3088	18	3
3089	18	3
3090	18	3
3091	18	3
3092	18	3
3093	18	3
3094	18	3
3095	18	3
3096	18	3
3097	18	3
3098	18	3
3099	18	3
3100	18	3
3101	18	3
3102	18	3
3103	18	3
3104	18	3
3105	18	3
3106	18	3
3107	18	3
3108	18	3
3109	18	3
3110	18	3
3111	18	3
3112	18	3
3113	18	3
3114	18	3
3115	18	3
3116	18	3
3117	18	3
3118	18	3
3119	18	3
3120	18	3
3121	18	3
3122	18	3
3123	18	3
3124	18	3
3125	18	3
3126	18	3
3127	18	3
3128	18	3
3129	18	3
3130	18	3
3131	18	3
3132	18	3
3133	18	3
3134	18	3
3135	18	3
3136	18	3
3137	18	3
3138	18	3
3139	18	3
3140	18	3
3141	18	3
3142	18	3
3143	18	3
3144	18	3
3145	18	3
3146	18	3
3147	18	3
3148	18	3
3149	18	3
3150	18	3
3151	18	3
3152	18	3
3153	18	3
3154	18	3
3155	18	3
3156	18	3
3157	18	3
3158	18	3
3159	18	3
3160	18	3
3161	18	3
3162	18	3
3163	18	3
3164	18	3
3165	18	3
3166	18	3
3167	18	3
3168	18	3
3169	18	3
3170	18	3
3171	18	3
3172	18	3
3173	18	3
3174	18	3
3175	18	3
3176	18	3
3177	18	3
3178	18	3
3179	18	3
3180	18	3
3181	18	3
3182	18	3
3183	18	3
3184	18	3
3185	18	3
3186	18	3
3187	18	3
3188	18	3
3189	18	3
3190	18	3
3191	18	3
3192	18	3
3193	18	3
3194	18	3
3195	18	3
3196	18	3
3197	18	3
3198	18	3
3199	18	3
3200	18	3
3201	18	3
3202	18	3
3203	18	3
3204	18	3
3205	18	3
3206	18	3
3207	18	3
3208	18	3
3209	18	3
3210	18	3
3211	18	3
3212	18	3
3213	18	3
3214	18	3
3215	18	3
3216	18	3
3217	18	3
3218	18	3
3219	18	3
3220	18	3
3221	18	3
3222	18	3
3223	18	3
3224	18	3
3225	18	3
3226	18	3
3227	18	3
3228	18	3
3229	18	3
3230	18	3
3231	18	3
3232	18	3
3233	18	3
3234	18	3
3235	18	3
3236	18	3
3237	18	3
3238	18	3
3239	18	3
3240	18	3
3241	18	3
3242	18	3
3243	18	3
3244	18	3
3245	18	3
3246	18	3
3247	18	3
3248	18	3
3249	18	3
3250	18	3
3251	18	3
3252	18	3
3253	18	3
3254	18	3
3255	18	3
3256	18	3
3257	18	3
3258	18	3
3259	18	3
3260	18	3
3261	18	3
3262	18	3
3263	18	3
3264	18	3
3265	18	3
3266	18	3
3267	18	3
3268	18	3
3269	18	3
3270	18	3
3271	18	3
3272	18	3
3273	18	3
3274	18	3
3275	18	3
3276	18	3
3277	18	3
3278	18	3
3279	18	3
3280	18	3
3281	18	3
3282	18	3
3283	18	3
3284	18	3
3285	18	3
3286	18	3
3287	18	3
3288	18	3
3289	18	3
3290	18	3
3291	18	3
3292	18	3
3293	18	3
3294	18	3
3295	18	3
3296	18	3
3297	18	3
3298	18	3
3299	18	3
3300	18	3
3301	18	3
3302	18	3
3303	18	3
3304	18	3
3305	18	3
3306	18	3
3307	18	3
3308	18	3
3309	18	3
3310	18	3
3311	18	3
3312	18	3
3313	18	3
3314	18	3
3315	18	3
3316	18	3
3317	18	3
3318	18	3
3319	18	3
3320	18	3
3321	18	3
3322	18	3
3323	18	3
3324	18	3
3325	18	3
3326	18	3
3327	18	3
3328	18	3
3329	18	3
3330	18	3
3331	18	3
3332	18	3
3333	18	3
3334	18	3
3335	18	3
3336	18	3
3337	18	3
3338	18	3
3339	18	3
3340	18	3
3341	18	3
3342	18	3
3343	18	3
3344	18	3
3345	18	3
3346	18	3
3347	18	3
3348	18	3
3349	18	3
3350	18	3
3351	18	3
3352	18	3
3353	18	3
3354	18	3
3355	18	3
3356	18	3
3357	18	3
3358	18	3
3359	18	3
3360	18	3
3361	18	3
3362	18	3
3363	18	3
3364	18	3
3365	18	3
3366	18	3
3367	18	3
3368	18	3
3369	18	3
3370	18	3
3371	18	3
3372	18	3
3373	18	3
3374	18	3
3375	18	3
3376	18	3
3377	18	3
3378	18	3
3379	18	3
3380	18	3
3381	18	3
3382	18	3
3383	18	3
3384	18	3
3385	18	3
3386	18	3
3387	18	3
3388	18	3
3389	18	3
3390	18	3
3391	18	3
3392	18	3
3393	18	3
3394	18	3
3395	18	3
3396	18	3
3397	18	3
3398	18	3
3399	18	3
3400	18	3
3401	18	3
3402	18	3
3403	18	3
3404	18	3
3405	18	3
3406	18	3
3407	18	3
3408	18	3
3409	18	3
3410	18	3
3411	18	3
3412	18	3
3413	18	3
3414	18	3
3415	18	3
3416	18	3
3417	18	3
3418	18	3
3419	18	3
3420	18	3
3421	18	3
3422	18	3
3423	18	3
3424	18	3
3425	18	3
3426	18	3
3427	18	3
3428	18	3
3429	18	3
3430	18	3
3431	18	3
3432	18	3
3433	18	3
3434	18	3
3435	18	3
3436	18	3
3437	18	3
3438	18	3
3439	18	3
3440	18	3
3441	18	3
3442	18	3
3443	18	3
3444	18	3
3445	18	3
3446	18	3
3447	18	3
3448	18	3
3449	18	3
3450	18	3
3451	18	3
3452	18	3
3453	18	3
3454	18	3
3455	18	3
3456	18	3
3457	18	3
3458	18	3
3459	18	3
3460	18	3
3461	18	3
3462	18	3
3463	18	3
3464	18	3
3465	18	3
3466	18	3
3467	18	3
3468	18	3
3469	18	3
3470	18	3
3471	18	3
3472	18	3
3473	18	3
3474	18	3
3475	18	3
3476	18	3
3477	18	3
3478	18	3
3479	18	3
3480	18	3
3481	18	3
3482	18	3
3483	18	3
3484	18	3
3485	18	3
3486	18	3
3487	18	3
3488	18	3
3489	18	3
3490	18	3
3491	18	3
3492	18	3
3493	18	3
3494	18	3
3495	18	3
3496	18	3
3497	18	3
3498	18	3
3499	18	3
3500	18	3
3501	18	3
3502	18	3
3503	18	3
3504	18	3
3505	18	3
3506	18	3
3507	18	3
3508	18	3
3509	18	3
3510	18	3
3511	18	3
3512	18	3
3513	18	3
3514	18	3
3515	18	3
3516	18	3
3517	18	3
3518	18	3
3519	18	3
3520	18	3
3521	18	3
3522	18	3
3523	18	3
3524	18	3
3525	18	3
3526	18	3
3527	18	3
3528	18	3
3529	18	3
3530	18	3
3531	18	3
3532	18	3
3533	18	3
3534	18	3
3535	18	3
3536	18	3
3537	18	3
3538	18	3
3539	18	3
3540	18	3
3541	18	3
3542	18	3
3543	18	3
3544	18	3
3545	18	3
3546	18	3
3547	18	3
3548	18	3
3549	18	3
3550	18	3
3551	18	3
3552	18	3
3553	18	3
3554	18	3
3555	18	3
3556	18	3
3557	18	3
3558	18	3
3559	18	3
3560	18	3
3561	18	3
3562	18	3
3563	18	3
3564	18	3
3565	18	3
3566	18	3
3567	18	3
3568	18	3
3569	18	3
3570	18	3
3571	18	3
3572	18	3
3573	18	3
3574	18	3
3575	18	3
3576	18	3
3577	18	3
3578	18	3
3579	18	3
3580	18	3
3581	18	3
3582	18	3
3583	18	3
3584	18	3
3585	18	3
3586	18	3
3587	18	3
3588	18	3
3589	18	3
3590	18	3
3591	18	3
3592	18	3
3593	18	3
3594	18	3
3595	18	3
3596	18	3
3597	18	3
3598	18	3
3599	18	3
3600	18	3
3601	18	3
3602	18	3
3603	18	3
3604	18	3
3605	18	3
3606	18	3
3607	18	3
3608	18	3
3609	18	3
3610	18	3
3611	18	3
3612	18	3
3613	18	3
3614	18	3
3615	18	3
3616	18	3
3617	18	3
3618	18	3
3619	18	3
3620	18	3
3621	18	3
3622	18	3
3623	18	3
3624	18	3
3625	18	3
3626	18	3
3627	18	3
3628	18	3
3629	18	3
3630	18	3
3631	18	3
3632	18	3
3633	18	3
3634	18	3
3635	18	3
3636	18	3
3637	18	3
3638	18	3
3639	18	3
3640	18	3
3641	18	3
3642	18	3
3643	18	3
3644	18	3
3645	18	3
3646	18	3
3647	18	3
3648	18	3
3649	18	3
3650	18	3
3651	18	3
3652	18	3
3653	18	3
3654	18	3
3655	18	3
3656	18	3
3657	18	3
3658	18	3
3659	18	3
3660	18	3
3661	18	3
3662	18	3
3663	18	3
3664	18	3
3665	18	3
3666	18	3
3667	18	3
3668	18	3
3669	18	3
3670	18	3
3671	18	3
3672	18	3
3673	18	3
3674	18	3
3675	18	3
3676	18	3
3677	18	3
3678	18	3
3679	18	3
3680	18	3
3681	18	3
3682	18	3
3683	18	3
3684	18	3
3685	18	3
3686	18	3
3687	18	3
3688	18	3
3689	18	3
3690	18	3
3691	18	3
3692	18	3
3693	18	3
3694	18	3
3695	18	3
3696	18	3
3697	18	3
3698	18	3
3699	18	3
3700	18	3
3701	18	3
3702	18	3
3703	18	3
3704	18	3
3705	18	3
3706	18	3
3707	18	3
3708	18	3
3709	18	3
3710	18	3
3711	18	3
3712	18	3
3713	18	3
3714	18	3
3715	18	3
3716	18	3
3717	18	3
3718	18	3
3719	18	3
3720	18	3
3721	18	3
3722	18	3
3723	18	3
3724	18	3
3725	18	3
3726	18	3
3727	18	3
3728	18	3
3729	18	3
3730	18	3
3731	18	3
3732	18	3
3733	18	3
3734	18	3
3735	18	3
3736	18	3
3737	18	3
3738	18	3
3739	18	3
3740	18	3
3741	18	3
3742	18	3
3743	18	3
3744	18	3
3745	18	3
3746	18	3
3747	18	3
3748	18	3
3749	18	3
3750	18	3
3751	18	3
3752	18	3
3753	18	3
3754	18	3
3755	18	3
3756	18	3
3757	18	3
3758	18	3
3759	18	3
3760	18	3
3761	18	3
3762	18	3
3763	18	3
3764	18	3
3765	18	3
3766	18	3
3767	18	3
3768	18	3
3769	18	3
3770	18	3
3771	18	3
3772	18	3
3773	18	3
3774	18	3
3775	18	3
3776	18	3
3777	18	3
3778	18	3
3779	18	3
3780	18	3
3781	18	3
3782	18	3
3783	18	3
3784	18	3
3785	18	3
3786	18	3
3787	18	3
3788	18	3
3789	18	3
3790	18	3
3791	18	3
3792	18	3
3793	18	3
3794	18	3
3795	18	3
3796	18	3
3797	18	3
3798	18	3
3799	18	3
3800	18	3
3801	18	3
3802	18	3
3803	18	3
3804	18	3
3805	18	3
3806	18	3
3807	18	3
3808	18	3
3809	18	3
3810	18	3
3811	18	3
3812	18	3
3813	18	3
3814	18	3
3815	18	3
3816	18	3
3817	18	3
3818	18	3
3819	18	3
3820	18	3
3821	18	3
3822	18	3
3823	18	3
3824	18	3
3825	18	3
3826	18	3
3827	18	3
3828	18	3
3829	18	3
3830	18	3
3831	18	3
3832	18	3
3833	18	3
3834	18	3
3835	18	3
3836	18	3
3837	18	3
3838	18	3
3839	18	3
3840	18	3
3841	18	3
3842	18	3
3843	18	3
3844	18	3
3845	18	3
3846	18	3
3847	18	3
3848	18	3
3849	18	3
3850	18	3
3851	18	3
3852	18	3
3853	18	3
3854	18	3
3855	18	3
3856	18	3
3857	18	3
3858	18	3
3859	18	3
3860	18	3
3861	18	3
3862	18	3
3863	18	3
3864	18	3
3865	18	3
3866	18	3
3867	18	3
3868	18	3
3869	18	3
3870	18	3
3871	18	3
3872	18	3
3873	18	3
3874	18	3
3875	18	3
3876	18	3
3877	18	3
3878	18	3
3879	18	3
3880	18	3
3881	18	3
3882	18	3
3883	18	3
3884	18	3
3885	18	3
3886	18	3
3887	18	3
3888	18	3
3889	18	3
3890	18	3
3891	18	3
3892	18	3
3893	18	3
3894	18	3
3895	18	3
3896	18	3
3897	18	3
3898	18	3
3899	18	3
3900	18	3
3901	18	3
3902	18	3
3903	18	3
3904	18	3
3905	18	3
3906	18	3
3907	18	3
3908	18	3
3909	18	3
3910	18	3
3911	18	3
3912	18	3
3913	18	3
3914	18	3
3915	18	3
3916	18	3
3917	18	3
3918	18	3
3919	18	3
3920	18	3
3921	18	3
3922	18	3
3923	18	3
3924	18	3
3925	18	3
3926	18	3
3927	18	3
3928	18	3
3929	18	3
3930	18	3
3931	18	3
3932	18	3
3933	18	3
3934	18	3
3935	18	3
3936	18	3
3937	18	3
3938	18	3
3939	18	3
3940	18	3
3941	18	3
3942	18	3
3943	18	3
3944	18	3
3945	18	3
3946	18	3
3947	18	3
3948	18	3
3949	18	3
3950	18	3
3951	18	3
3952	18	3
3953	18	3
3954	18	3
3955	18	3
3956	18	3
3957	18	3
3958	18	3
3959	18	3
3960	18	3
3961	18	3
3962	18	3
3963	18	3
3964	18	3
3965	18	3
3966	18	3
3967	18	3
3968	18	3
3969	18	3
3970	18	3
3971	18	3
3972	18	3
3973	18	3
3974	18	3
3975	18	3
3976	18	3
3977	18	3
3978	18	3
3979	18	3
3980	18	3
3981	18	3
3982	18	3
3983	18	3
3984	18	3
3985	18	3
3986	18	3
3987	18	3
3988	18	3
3989	18	3
3990	18	3
3991	18	3
3992	18	3
3993	18	3
3994	18	3
3995	18	3
3996	18	3
3997	18	3
3998	18	3
3999	18	3
4000	18	3
4001	18	3
4002	18	3
4003	18	3
4004	18	3
4005	18	3
4006	18	3
4007	18	3
4008	18	3
4009	18	3
4010	18	3
4011	18	3
4012	18	3
4013	18	3
4014	18	3
4015	18	3
4016	18	3
4017	18	3
4018	18	3
4019	18	3
4020	18	3
4021	18	3
4022	18	3
4023	18	3
4024	18	3
4025	18	3
4026	18	3
4027	18	3
4028	18	3
4029	18	3
4030	18	3
4031	18	3
4032	18	3
4033	18	3
4034	18	3
4035	18	3
4036	18	3
4037	18	3
4038	18	3
4039	18	3
4040	18	3
4041	18	3
4042	18	3
4043	18	3
4044	18	3
4045	18	3
4046	18	3
4047	18	3
4048	18	3
4049	18	3
4050	18	3
4051	18	3
4052	18	3
4053	18	3
4054	18	3
4055	18	3
4056	18	3
4057	18	3
4058	18	3
4059	18	3
4060	18	3
4061	18	3
4062	18	3
4063	18	3
4064	18	3
4065	18	3
4066	18	3
4067	18	3
4068	18	3
4069	18	3
4070	18	3
4071	18	3
4072	18	3
4073	18	3
4074	18	3
4075	18	3
4076	18	3
4077	18	3
4078	18	3
4079	18	3
4080	18	3
4081	18	3
4082	18	3
4083	18	3
4084	18	3
4085	18	3
4086	18	3
4087	18	3
4088	18	3
4089	18	3
4090	18	3
4091	18	3
4092	18	3
4093	18	3
4094	18	3
4095	18	3
4096	18	3
4097	18	3
4098	18	3
4099	18	3
4100	18	3
4101	18	3
4102	18	3
4103	18	3
4104	18	3
4105	18	3
4106	18	3
4107	18	3
4108	18	3
4109	18	3
4110	18	3
4111	18	3
4112	18	3
4113	18	3
4114	18	3
4115	18	3
4116	18	3
4117	18	3
4118	18	3
4119	18	3
4120	18	3
4121	18	3
4122	18	3
4123	18	3
4124	18	3
4125	18	3
4126	18	3
4127	18	3
4128	18	3
4129	18	3
4130	18	3
4131	18	3
4132	18	3
4133	18	3
4134	18	3
4135	18	3
4136	18	3
4137	18	3
4138	18	3
4139	18	3
4140	18	3
4141	18	3
4142	18	3
4143	18	3
4144	18	3
4145	18	3
4146	18	3
4147	18	3
4148	18	3
4149	18	3
4150	18	3
4151	18	3
4152	18	3
4153	18	3
4154	18	3
4155	18	3
4156	18	3
4157	18	3
4158	18	3
4159	18	3
4160	18	3
4161	18	3
4162	18	3
4163	18	3
4164	18	3
4165	18	3
4166	18	3
4167	18	3
4168	18	3
4169	18	3
4170	18	3
4171	18	3
4172	18	3
4173	18	3
4174	18	3
4175	18	3
4176	18	3
4177	18	3
4178	18	3
4179	18	3
4180	18	3
4181	18	3
4182	18	3
4183	18	3
4184	18	3
4185	18	3
4186	18	3
4187	18	3
4188	18	3
4189	18	3
4190	18	3
4191	18	3
4192	18	3
4193	18	3
4194	18	3
4195	18	3
4196	18	3
4197	18	3
4198	18	3
4199	18	3
4200	18	3
4201	18	3
4202	18	3
4203	18	3
4204	18	3
4205	18	3
4206	18	3
4207	18	3
4208	18	3
4209	18	3
4210	18	3
4211	18	3
4212	18	3
4213	18	3
4214	18	3
4215	18	3
4216	18	3
4217	18	3
4218	18	3
4219	18	3
4220	18	3
4221	18	3
4222	18	3
4223	18	3
4224	18	3
4225	18	3
4226	18	3
4227	18	3
4228	18	3
4229	18	3
4230	18	3
4231	18	3
4232	18	3
4233	18	3
4234	18	3
4235	18	3
4236	18	3
4237	18	3
4238	18	3
4239	18	3
4240	18	3
4241	18	3
4242	18	3
4243	18	3
4244	18	3
4245	18	3
4246	18	3
4247	18	3
4248	18	3
4249	18	3
4250	18	3
4251	18	3
4252	18	3
4253	18	3
4254	18	3
4255	18	3
4256	18	3
4257	18	3
4258	18	3
4259	18	3
4260	18	3
4261	18	3
4262	18	3
4263	18	3
4264	18	3
4265	18	3
4266	18	3
4267	18	3
4268	18	3
4269	18	3
4270	18	3
4271	18	3
4272	18	3
4273	18	3
4274	18	3
4275	18	3
4276	18	3
4277	18	3
4278	18	3
4279	18	3
4280	18	3
4281	18	3
4282	18	3
4283	18	3
4284	18	3
4285	18	3
4286	18	3
4287	18	3
4288	18	3
4289	18	3
4290	18	3
4291	18	3
4292	18	3
4293	18	3
4294	18	3
4295	18	3
4296	18	3
4297	18	3
4298	18	3
4299	18	3
4300	18	3
4301	18	3
4302	18	3
4303	18	3
4304	18	3
4305	18	3
4306	18	3
4307	18	3
4308	18	3
4309	18	3
4310	18	3
4311	18	3
4312	18	3
4313	18	3
4314	18	3
4315	18	3
4316	18	3
4317	18	3
4318	18	3
4319	18	3
4320	18	3
4321	18	3
4322	18	3
4323	18	3
4324	18	3
4325	18	3
4326	18	3
4327	18	3
4328	18	3
4329	18	3
4330	18	3
4331	18	3
4332	18	3
4333	18	3
4334	18	3
4335	18	3
4336	18	3
4337	18	3
4338	18	3
4339	18	3
4340	18	3
4341	18	3
4342	18	3
4343	18	3
4344	18	3
4345	18	3
4346	18	3
4347	18	3
4348	18	3
4349	18	3
4350	18	3
4351	18	3
4352	18	3
4353	18	3
4354	18	3
4355	18	3
4356	18	3
4357	18	3
4358	18	3
4359	18	3
4360	18	3
4361	18	3
4362	18	3
4363	18	3
4364	18	3
4365	18	3
4366	18	3
4367	18	3
4368	18	3
4369	18	3
4370	18	3
4371	18	3
4372	18	3
4373	18	3
4374	18	3
4375	18	3
4376	18	3
4377	18	3
4378	18	3
4379	18	3
4380	18	3
4381	18	3
4382	18	3
4383	18	3
4384	18	3
4385	18	3
4386	18	3
4387	18	3
4388	18	3
4389	18	3
4390	18	3
4391	18	3
4392	18	3
4393	18	3
4394	18	3
4395	18	3
4396	18	3
4397	18	3
4398	18	3
4399	18	3
4400	18	3
4401	18	3
4402	18	3
4403	18	3
4404	18	3
4405	18	3
4406	18	3
4407	18	3
4408	18	3
4409	18	3
4410	18	3
4411	18	3
4412	18	3
4413	18	3
4414	18	3
4415	18	3
4416	18	3
4417	18	3
4418	18	3
4419	18	3
4420	18	3
4421	18	3
4422	18	3
4423	18	3
4424	18	3
4425	18	3
4426	18	3
4427	18	3
4428	18	3
4429	18	3
4430	18	3
4431	18	3
4432	18	3
4433	18	3
4434	18	3
4435	18	3
4436	18	3
4437	18	3
4438	18	3
4439	18	3
4440	18	3
4441	18	3
4442	18	3
4443	18	3
4444	18	3
4445	18	3
4446	18	3
4447	18	3
4448	18	3
4449	18	3
4450	18	3
4451	18	3
4452	18	3
4453	18	3
4454	18	3
4455	18	3
4456	18	3
4457	18	3
4458	18	3
4459	18	3
4460	18	3
4461	18	3
4462	18	3
4463	18	3
4464	18	3
4465	18	3
4466	18	3
4467	18	3
4468	18	3
4469	18	3
4470	18	3
4471	18	3
4472	18	3
4473	18	3
4474	18	3
4475	18	3
4476	18	3
4477	18	3
4478	18	3
4479	18	3
4480	18	3
4481	18	3
4482	18	3
4483	18	3
4484	18	3
4485	18	3
4486	18	3
4487	18	3
4488	18	3
4489	18	3
4490	18	3
4491	18	3
4492	18	3
4493	18	3
4494	18	3
4495	18	3
4496	18	3
4497	18	3
4498	18	3
4499	18	3
4500	18	3
4501	18	3
4502	18	3
4503	18	3
4504	18	3
4505	18	3
4506	18	3
4507	18	3
4508	18	3
4509	18	3
4510	18	3
4511	18	3
4512	18	3
4513	18	3
4514	18	3
4515	18	3
4516	18	3
4517	18	3
4518	18	3
4519	18	3
4520	18	3
4521	18	3
4522	18	3
4523	18	3
4524	18	3
4525	18	3
4526	18	3
4527	18	3
4528	18	3
4529	18	3
4530	18	3
4531	18	3
4532	18	3
4533	18	3
4534	18	3
4535	18	3
4536	18	3
4537	18	3
4538	18	3
4539	18	3
4540	18	3
4541	18	3
4542	18	3
4543	18	3
4544	18	3
4545	18	3
4546	18	3
4547	18	3
4548	18	3
4549	18	3
4550	18	3
4551	18	3
4552	18	3
4553	18	3
4554	18	3
4555	18	3
4556	18	3
4557	18	3
4558	18	3
4559	18	3
4560	18	3
4561	18	3
4562	18	3
4563	18	3
4564	18	3
4565	18	3
4566	18	3
4567	18	3
4568	18	3
4569	18	3
4570	18	3
4571	18	3
4572	18	3
4573	18	3
4574	18	3
4575	18	3
4576	18	3
4577	18	3
4578	18	3
4579	18	3
4580	18	3
4581	18	3
4582	18	3
4583	18	3
4584	18	3
4585	18	3
4586	18	3
4587	18	3
4588	18	3
4589	18	3
4590	18	3
4591	18	3
4592	18	3
4593	18	3
4594	18	3
4595	18	3
4596	18	3
4597	18	3
4598	18	3
4599	18	3
4600	18	3
4601	18	3
4602	18	3
4603	18	3
4604	18	3
4605	18	3
4606	18	3
4607	18	3
4608	18	3
4609	18	3
4610	18	3
4611	18	3
4612	18	3
4613	18	3
4614	18	3
4615	18	3
4616	18	3
4617	18	3
4618	18	3
4619	18	3
4620	18	3
4621	18	3
4622	18	3
4623	18	3
4624	18	3
4625	18	3
4626	18	3
4627	18	3
4628	18	3
4629	18	3
4630	18	3
4631	18	3
4632	18	3
4633	18	3
4634	18	3
4635	18	3
4636	18	3
4637	18	3
4638	18	3
4639	18	3
4640	18	3
4641	18	3
4642	18	3
4643	18	3
4644	18	3
4645	18	3
4646	18	3
4647	18	3
4648	18	3
4649	18	3
4650	18	3
4651	18	3
4652	18	3
4653	18	3
4654	18	3
4655	18	3
4656	18	3
4657	18	3
4658	18	3
4659	18	3
4660	18	3
4661	18	3
4662	18	3
4663	18	3
4664	18	3
4665	18	3
4666	18	3
4667	18	3
4668	18	3
4669	18	3
4670	18	3
4671	18	3
4672	18	3
4673	18	3
4674	18	3
4675	18	3
4676	18	3
4677	18	3
4678	18	3
4679	18	3
4680	18	3
4681	18	3
4682	18	3
4683	18	3
4684	18	3
4685	18	3
4686	18	3
4687	18	3
4688	18	3
4689	18	3
4690	18	3
4691	18	3
4692	18	3
4693	18	3
4694	18	3
4695	18	3
4696	18	3
4697	18	3
4698	18	3
4699	18	3
4700	18	3
4701	18	3
4702	18	3
4703	18	3
4704	18	3
4705	18	3
4706	18	3
4707	18	3
4708	18	3
4709	18	3
4710	18	3
4711	18	3
4712	18	3
4713	18	3
4714	18	3
4715	18	3
4716	18	3
4717	18	3
4718	18	3
4719	18	3
4720	18	3
4721	18	3
4722	18	3
4723	18	3
4724	18	3
4725	18	3
4726	18	3
4727	18	3
4728	18	3
4729	18	3
4730	18	3
4731	18	3
4732	18	3
4733	18	3
4734	18	3
4735	18	3
4736	18	3
4737	18	3
4738	18	3
4739	18	3
4740	18	3
4741	18	3
4742	18	3
4743	18	3
4744	18	3
4745	18	3
4746	18	3
4747	18	3
4748	18	3
4749	18	3
4750	18	3
4751	18	3
4752	18	3
4753	18	3
4754	18	3
4755	18	3
4756	18	3
4757	18	3
4758	18	3
4759	18	3
4760	18	3
4761	18	3
4762	18	3
4763	18	3
4764	18	3
4765	18	3
4766	18	3
4767	18	3
4768	18	3
4769	18	3
4770	18	3
4771	18	3
4772	18	3
4773	18	3
4774	18	3
4775	18	3
4776	18	3
4777	18	3
4778	18	3
4779	18	3
4780	18	3
4781	18	3
4782	18	3
4783	18	3
4784	18	3
4785	18	3
4786	18	3
4787	18	3
4788	18	3
4789	18	3
4790	18	3
4791	18	3
4792	18	3
4793	18	3
4794	18	3
4795	18	3
4796	18	3
4797	18	3
4798	18	3
4799	18	3
4800	18	3
4801	18	3
4802	18	3
4803	18	3
4804	18	3
4805	18	3
4806	18	3
4807	18	3
4808	18	3
4809	18	3
4810	18	3
4811	18	3
4812	18	3
4813	18	3
4814	18	3
4815	18	3
4816	18	3
4817	18	3
4818	18	3
4819	18	3
4820	18	3
4821	18	3
4822	18	3
4823	18	3
4824	18	3
4825	18	3
4826	18	3
4827	18	3
4828	18	3
4829	18	3
4830	18	3
4831	18	3
4832	18	3
4833	18	3
4834	18	3
4835	18	3
4836	18	3
4837	18	3
4838	18	3
4839	18	3
4840	18	3
4841	18	3
4842	18	3
4843	18	3
4844	18	3
4845	18	3
4846	18	3
4847	18	3
4848	18	3
4849	18	3
4850	18	3
4851	18	3
4852	18	3
4853	18	3
4854	18	3
4855	18	3
4856	18	3
4857	18	3
4858	18	3
4859	18	3
4860	18	3
4861	18	3
4862	18	3
4863	18	3
4864	18	3
4865	18	3
4866	18	3
4867	18	3
4868	18	3
4869	18	3
4870	18	3
4871	18	3
4872	18	3
4873	18	3
4874	18	3
4875	18	3
4876	18	3
4877	18	3
4878	18	3
4879	18	3
4880	18	3
4881	18	3
4882	18	3
4883	18	3
4884	18	3
4885	18	3
4886	18	3
4887	18	3
4888	18	3
4889	18	3
4890	18	3
4891	18	3
4892	18	3
4893	18	3
4894	18	3
4895	18	3
4896	18	3
4897	18	3
4898	18	3
4899	18	3
4900	18	3
4901	18	3
4902	18	3
4903	18	3
4904	18	3
4905	18	3
4906	18	3
4907	18	3
4908	18	3
4909	18	3
4910	18	3
4911	18	3
4912	18	3
4913	18	3
4914	18	3
4915	18	3
4916	18	3
4917	18	3
4918	18	3
4919	18	3
4920	18	3
4921	18	3
4922	18	3
4923	18	3
4924	18	3
4925	18	3
4926	18	3
4927	18	3
4928	18	3
4929	18	3
4930	18	3
4931	18	3
4932	18	3
4933	18	3
4934	18	3
4935	18	3
4936	18	3
4937	18	3
4938	18	3
4939	18	3
4940	18	3
4941	18	3
4942	18	3
4943	18	3
4944	18	3
4945	18	3
4946	18	3
4947	18	3
4948	18	3
4949	18	3
4950	18	3
4951	18	3
4952	18	3
4953	18	3
4954	18	3
4955	18	3
4956	18	3
4957	18	3
4958	18	3
4959	18	3
4960	18	3
4961	18	3
4962	18	3
4963	18	3
4964	18	3
4965	18	3
4966	18	3
4967	18	3
4968	18	3
4969	18	3
4970	18	3
4971	18	3
4972	18	3
4973	18	3
4974	18	3
4975	18	3
4976	18	3
4977	18	3
4978	18	3
4979	18	3
4980	18	3
4981	18	3
4982	18	3
4983	18	3
4984	18	3
4985	18	3
4986	18	3
4987	18	3
4988	18	3
4989	18	3
4990	18	3
4991	18	3
4992	18	3
4993	18	3
4994	18	3
4995	18	3
4996	18	3
4997	18	3
4998	18	3
4999	18	3
5000	18	3
5001	18	3
5002	18	3
5003	18	3
5004	18	3
5005	18	3
5006	18	3
5007	18	3
5008	18	3
5009	18	3
5010	18	3
5011	18	3
5012	18	3
5013	18	3
5014	18	3
5015	18	3
5016	18	3
5017	18	3
5018	18	3
5019	18	3
5020	18	3
5021	18	3
5022	18	3
5023	18	3
5024	18	3
5025	18	3
5026	18	3
5027	18	3
5028	18	3
5029	18	3
5030	18	3
5031	18	3
5032	18	3
5033	18	3
5034	18	3
5035	18	3
5036	18	3
5037	18	3
5038	18	3
5039	18	3
5040	18	3
5041	18	3
5042	18	3
5043	18	3
5044	18	3
5045	18	3
5046	18	3
5047	18	3
5048	18	3
5049	18	3
5050	18	3
5051	18	3
5052	18	3
5053	18	3
5054	18	3
5055	18	3
5056	18	3
5057	18	3
5058	18	3
5059	18	3
5060	18	3
5061	18	3
5062	18	3
5063	18	3
5064	18	3
5065	18	3
5066	18	3
5067	18	3
5068	18	3
5069	18	3
5070	18	3
5071	18	3
5072	18	3
5073	18	3
5074	18	3
5075	18	3
5076	18	3
5077	18	3
5078	18	3
5079	18	3
5080	18	3
5081	18	3
5082	18	3
5083	18	3
5084	18	3
5085	18	3
5086	18	3
5087	18	3
5088	18	3
5089	18	3
5090	18	3
5091	18	3
5092	18	3
5093	18	3
5094	18	3
5095	18	3
5096	18	3
5097	18	3
5098	18	3
5099	18	3
5100	18	3
5101	18	3
5102	18	3
5103	18	3
5104	18	3
5105	18	3
5106	18	3
5107	18	3
5108	18	3
5109	18	3
5110	18	3
5111	18	3
5112	18	3
5113	18	3
5114	18	3
5115	18	3
5116	18	3
5117	18	3
5118	18	3
5119	18	3
5120	18	3
5121	18	3
5122	18	3
5123	18	3
5124	18	3
5125	18	3
5126	18	3
5127	18	3
5128	18	3
5129	18	3
5130	18	3
5131	18	3
5132	18	3
5133	18	3
5134	18	3
5135	18	3
5136	18	3
5137	18	3
